hand,pitch,onset_ql,reference_part,reference_voice,reference_pitch,reference_onset_ql
LH,54,2.875000,P1,5,54,0.000000
LH,58,2.875000,P1,5,58,0.000000
RH,61,2.875000,P1,5,61,0.000000
RH,94,3.125000,P1,1,94,0.166667
RH,85,3.250000,P1,1,85,0.333333
LH,54,3.500000,P1,5,54,0.500000
LH,59,3.500000,P1,5,59,0.500000
RH,63,3.500000,P1,5,63,0.500000
RH,66,3.500000,P1,5,66,0.500000
RH,90,3.500000,P1,1,90,0.500000
RH,87,3.666667,P1,1,87,0.666667
RH,90,3.875000,P1,1,90,0.833333
LH,54,4.000000,P1,5,54,1.000000
LH,58,4.000000,P1,5,58,1.000000
RH,61,4.000000,P1,5,61,1.000000
RH,66,4.000000,P1,5,66,1.000000
RH,85,4.000000,P1,1,85,1.000000
RH,90,4.250000,P1,1,90,1.166667
RH,82,4.375000,P1,1,82,1.333333
RH,85,4.500000,P1,1,85,1.500000
RH,78,4.750000,P1,1,78,1.666667
RH,82,4.875000,P1,1,82,1.833333
LH,54,5.000000,P1,5,54,2.000000
RH,78,5.000000,P1,1,78,2.000000
LH,42,5.125000,P1,5,42,2.000000
RH,82,5.250000,P1,1,82,2.166667
RH,73,5.500000,P1,1,73,2.333333
LH,59,5.625000,P1,5,59,2.500000
RH,63,5.625000,P1,5,63,2.500000
RH,78,5.625000,P1,1,78,2.500000
RH,75,5.750000,P1,1,75,2.666667
RH,78,6.000000,P1,1,78,2.833333
RH,61,6.125000,P1,5,61,3.000000
RH,66,6.125000,P1,5,66,3.000000
RH,73,6.125000,P1,1,73,3.000000
LH,58,6.250000,P1,5,58,3.000000
RH,78,6.333333,P1,1,78,3.166667
RH,70,6.500000,P1,1,70,3.333333
RH,73,6.625000,P1,1,73,3.500000
RH,66,6.875000,P1,1,66,3.666667
RH,70,7.000000,P1,1,70,3.833333
LH,37,7.125000,P1,5,37,4.000000
LH,49,7.125000,P1,5,49,4.000000
RH,61,7.125000,P1,1,61,4.000000
RH,73,7.375000,P1,1,73,4.166667
RH,68,7.500000,P1,1,68,4.333333
LH,56,7.666667,P1,5,56,4.500000
RH,61,7.666667,P1,5,61,4.500000
RH,65,7.666667,P1,5,65,4.500000
RH,73,7.666667,P1,1,73,4.500000
RH,68,7.875000,P1,1,68,4.666667
LH,56,8.250000,P1,5,56,5.000000
LH,59,8.250000,P1,5,59,5.000000
RH,63,8.250000,P1,5,63,5.000000
RH,68,8.250000,P1,1,68,5.000000
RH,80,8.333333,P1,1,80,5.166667
RH,75,8.500000,P1,1,75,5.333333
RH,80,8.625000,P1,1,80,5.500000
LH,44,8.666667,P1,5,44,5.500000
RH,75,8.750000,P1,1,75,5.666667
RH,87,9.000000,P1,1,87,5.833333
LH,49,9.125000,P1,6,49,6.000000
RH,75,9.125000,P1,1,75,6.000000
RH,87,9.333333,P1,1,87,6.166667
RH,80,9.500000,P1,1,80,6.333333
LH,59,9.666667,P1,5,59,6.500000
RH,63,9.666667,P1,5,63,6.500000
RH,87,9.666667,P1,1,87,6.500000
LH,56,9.750000,P1,5,56,6.500000
RH,80,9.875000,P1,1,80,6.666667
RH,92,10.000000,P1,1,92,6.833333
LH,56,10.250000,P1,5,56,7.000000
LH,59,10.250000,P1,5,59,7.000000
RH,61,10.250000,P1,5,61,7.000000
RH,80,10.250000,P1,1,80,7.000000
RH,92,10.375000,P1,1,92,7.166667
RH,85,10.500000,P1,1,85,7.333333
RH,92,10.666667,P1,1,92,7.500000
RH,85,10.875000,P1,1,85,7.666667
RH,97,11.000000,P1,1,97,7.833333
LH,54,11.250000,P1,5,54,8.000000
LH,58,11.250000,P1,5,58,8.000000
RH,61,11.250000,P1,5,61,8.000000
RH,66,11.250000,P1,5,66,8.000000
RH,90,11.250000,P1,1,90,8.000000
RH,94,11.375000,P1,1,94,8.166667
RH,85,11.500000,P1,1,85,8.333333
LH,54,11.750000,P1,5,54,8.500000
LH,59,11.750000,P1,5,59,8.500000
RH,63,11.750000,P1,5,63,8.500000
RH,66,11.750000,P1,5,66,8.500000
RH,90,11.750000,P1,1,90,8.500000
RH,87,11.875000,P1,1,87,8.666667
RH,90,12.125000,P1,1,90,8.833333
LH,54,12.250000,P1,5,54,9.000000
LH,58,12.250000,P1,5,58,9.000000
RH,61,12.250000,P1,5,61,9.000000
RH,66,12.250000,P1,5,66,9.000000
RH,85,12.250000,P1,1,85,9.000000
RH,90,12.500000,P1,1,90,9.166667
RH,82,12.666667,P1,1,82,9.333333
RH,85,12.875000,P1,1,85,9.500000
RH,78,13.000000,P1,1,78,9.666667
RH,82,13.125000,P1,1,82,9.833333
LH,42,13.333333,P1,5,42,10.000000
LH,54,13.333333,P1,5,54,10.000000
RH,78,13.333333,P1,1,78,10.000000
RH,82,13.500000,P1,1,82,10.166667
RH,73,13.666667,P1,1,73,10.333333
LH,59,13.875000,P1,5,59,10.500000
RH,63,13.875000,P1,5,63,10.500000
RH,66,13.875000,P1,5,66,10.500000
RH,78,13.875000,P1,1,78,10.500000
RH,75,14.000000,P1,1,75,10.666667
RH,78,14.125000,P1,1,78,10.833333
LH,58,14.375000,P1,5,58,11.000000
RH,61,14.375000,P1,5,61,11.000000
RH,66,14.375000,P1,5,66,11.000000
RH,73,14.375000,P1,1,73,11.000000
RH,78,14.500000,P1,1,78,11.166667
RH,70,14.666667,P1,1,70,11.333333
RH,73,14.875000,P1,1,73,11.500000
RH,66,15.000000,P1,1,66,11.666667
RH,70,15.250000,P1,1,70,11.833333
LH,47,15.375000,P1,5,47,12.000000
RH,63,15.375000,P1,1,63,12.000000
RH,75,15.625000,P1,1,75,12.166667
RH,68,15.875000,P1,1,68,12.333333
LH,56,16.000000,P1,5,56,12.500000
RH,63,16.000000,P1,5,63,12.500000
RH,75,16.000000,P1,1,75,12.500000
RH,68,16.125000,P1,1,68,12.666667
RH,80,16.333333,P1,1,80,12.833333
RH,75,16.500000,P1,1,75,13.000000
RH,80,16.625000,P1,1,80,13.166667
RH,75,16.750000,P1,1,75,13.333333
LH,47,17.000000,P1,5,47,13.500000
RH,87,17.000000,P1,1,87,13.500000
RH,80,17.250000,P1,1,80,13.666667
LH,46,17.375000,P1,5,46,14.000000
RH,92,17.375000,P1,1,92,13.833333
RH,82,17.666667,P1,1,82,14.000000
RH,94,17.875000,P1,1,94,14.166667
LH,58,18.125000,P1,5,58,14.500000
RH,82,18.125000,P1,1,82,14.333333
RH,94,18.333333,P1,1,94,14.500000
RH,82,18.500000,P1,1,82,14.666667
RH,94,18.750000,P1,1,94,14.833333
RH,82,19.000000,P1,1,82,15.000000
RH,94,19.125000,P1,1,94,15.166667
RH,82,19.375000,P1,1,82,15.333333
RH,94,19.666667,P1,1,94,15.500000
RH,94,20.250000,P1,1,94,15.500000
LH,54,21.000000,P1,5,54,16.000000
LH,58,21.000000,P1,5,58,16.000000
RH,61,21.000000,P1,5,61,16.000000
RH,66,21.000000,P1,5,66,16.000000
RH,90,21.000000,P1,1,90,16.000000
RH,94,21.250000,P1,1,94,16.166667
RH,85,21.333333,P1,1,85,16.333333
RH,90,21.500000,P1,1,90,16.500000
LH,54,21.625000,P1,5,54,16.500000
LH,59,21.625000,P1,5,59,16.500000
RH,63,21.625000,P1,5,63,16.500000
RH,66,21.625000,P1,5,66,16.500000
RH,87,21.666667,P1,1,87,16.666667
RH,90,21.875000,P1,1,90,16.833333
LH,54,22.125000,P1,5,54,17.000000
LH,58,22.125000,P1,5,58,17.000000
RH,61,22.125000,P1,5,61,17.000000
RH,66,22.125000,P1,5,66,17.000000
RH,85,22.125000,P1,1,85,17.000000
RH,90,22.250000,P1,1,90,17.166667
RH,82,22.500000,P1,1,82,17.333333
RH,85,22.625000,P1,1,85,17.500000
RH,78,22.750000,P1,1,78,17.666667
RH,82,23.000000,P1,1,82,17.833333
LH,42,23.125000,P1,5,42,18.000000
LH,54,23.125000,P1,5,54,18.000000
RH,78,23.125000,P1,1,78,18.000000
RH,82,23.375000,P1,1,82,18.166667
RH,73,23.500000,P1,1,73,18.333333
LH,59,23.666667,P1,5,59,18.500000
RH,66,23.666667,P1,5,66,18.500000
RH,78,23.666667,P1,1,78,18.500000
RH,63,23.750000,P1,5,63,18.500000
RH,75,23.875000,P1,1,75,18.666667
RH,78,24.000000,P1,1,78,18.833333
LH,58,24.250000,P1,5,58,19.000000
RH,61,24.250000,P1,5,61,19.000000
RH,66,24.250000,P1,5,66,19.000000
RH,73,24.250000,P1,1,73,19.000000
RH,78,24.375000,P1,1,78,19.166667
RH,70,24.625000,P1,1,70,19.333333
RH,73,24.750000,P1,1,73,19.500000
RH,66,25.000000,P1,1,66,19.666667
RH,70,25.125000,P1,1,70,19.833333
LH,37,25.250000,P1,5,37,20.000000
LH,49,25.250000,P1,5,49,20.000000
RH,61,25.333333,P1,1,61,20.000000
RH,73,25.500000,P1,1,73,20.166667
RH,68,25.625000,P1,1,68,20.333333
LH,56,25.750000,P1,5,56,20.500000
RH,73,25.750000,P1,1,73,20.500000
RH,61,25.875000,P1,5,61,20.500000
RH,65,25.875000,P1,5,65,20.500000
RH,68,26.000000,P1,1,68,20.666667
RH,80,26.125000,P1,1,80,20.833333
LH,56,26.250000,P1,5,56,21.000000
LH,59,26.250000,P1,5,59,21.000000
RH,63,26.250000,P1,5,63,21.000000
RH,68,26.250000,P1,1,68,21.000000
RH,80,26.500000,P1,1,80,21.166667
RH,75,26.625000,P1,1,75,21.333333
LH,44,26.750000,P1,5,44,21.500000
RH,80,26.750000,P1,1,80,21.500000
RH,75,26.875000,P1,1,75,21.666667
RH,87,27.125000,P1,1,87,21.833333
LH,49,27.250000,P1,6,49,22.000000
RH,75,27.250000,P1,1,75,22.000000
RH,87,27.500000,P1,1,87,22.166667
RH,80,27.625000,P1,1,80,22.333333
LH,56,27.750000,P1,5,56,22.500000
LH,59,27.750000,P1,5,59,22.500000
RH,63,27.750000,P1,5,63,22.500000
RH,87,27.750000,P1,1,87,22.500000
RH,80,28.000000,P1,1,80,22.666667
RH,92,28.125000,P1,1,92,22.833333
LH,56,28.250000,P1,5,56,23.000000
LH,59,28.250000,P1,5,59,23.000000
RH,61,28.250000,P1,5,61,23.000000
RH,80,28.250000,P1,1,80,23.000000
RH,92,28.500000,P1,1,92,23.166667
RH,85,28.625000,P1,1,85,23.333333
RH,92,28.750000,P1,1,92,23.500000
RH,85,29.000000,P1,1,85,23.666667
RH,97,29.125000,P1,1,97,23.833333
LH,54,29.250000,P1,5,54,24.000000
LH,58,29.250000,P1,5,58,24.000000
RH,61,29.250000,P1,5,61,24.000000
RH,66,29.250000,P1,5,66,24.000000
RH,90,29.250000,P1,1,90,24.000000
RH,94,29.500000,P1,1,94,24.166667
RH,85,29.625000,P1,1,85,24.333333
LH,54,29.750000,P1,5,54,24.500000
LH,59,29.750000,P1,5,59,24.500000
RH,63,29.750000,P1,5,63,24.500000
RH,66,29.750000,P1,5,66,24.500000
RH,90,29.750000,P1,1,90,24.500000
RH,87,30.000000,P1,1,87,24.666667
RH,90,30.125000,P1,1,90,24.833333
LH,54,30.333333,P1,5,54,25.000000
LH,58,30.333333,P1,5,58,25.000000
RH,61,30.333333,P1,5,61,25.000000
RH,66,30.333333,P1,5,66,25.000000
RH,85,30.333333,P1,1,85,25.000000
RH,90,30.500000,P1,1,90,25.166667
RH,82,30.666667,P1,1,82,25.333333
RH,85,30.875000,P1,1,85,25.500000
RH,78,31.000000,P1,1,78,25.666667
RH,82,31.250000,P1,1,82,25.833333
LH,42,31.375000,P1,5,42,26.000000
LH,54,31.375000,P1,5,54,26.000000
RH,78,31.375000,P1,1,78,26.000000
RH,82,31.625000,P1,1,82,26.166667
RH,73,31.750000,P1,1,73,26.333333
LH,59,31.875000,P1,5,59,26.500000
RH,63,31.875000,P1,5,63,26.500000
RH,66,31.875000,P1,5,66,26.500000
RH,78,31.875000,P1,1,78,26.500000
RH,75,32.125000,P1,1,75,26.666667
RH,78,32.250000,P1,1,78,26.833333
RH,61,32.375000,P1,5,61,27.000000
RH,66,32.375000,P1,5,66,27.000000
RH,73,32.375000,P1,1,73,27.000000
LH,58,32.500000,P1,5,58,27.000000
RH,78,32.625000,P1,1,78,27.166667
RH,70,32.750000,P1,1,70,27.333333
RH,73,33.000000,P1,1,73,27.500000
RH,66,33.125000,P1,1,66,27.666667
RH,70,33.250000,P1,1,70,27.833333
LH,48,33.500000,P1,5,48,28.000000
RH,63,33.500000,P1,1,63,28.000000
RH,75,33.666667,P1,1,75,28.166667
RH,68,33.875000,P1,1,68,28.333333
RH,75,34.000000,P1,1,75,28.500000
LH,56,34.125000,P1,5,56,28.500000
RH,66,34.125000,P1,5,66,28.500000
RH,68,34.250000,P1,1,68,28.666667
RH,80,34.375000,P1,1,80,28.833333
RH,75,34.500000,P1,1,75,29.000000
RH,80,34.750000,P1,1,80,29.166667
RH,75,34.875000,P1,1,75,29.333333
LH,44,35.000000,P1,5,44,29.500000
RH,87,35.000000,P1,1,87,29.500000
RH,80,35.250000,P1,1,80,29.666667
RH,87,35.500000,P1,1,87,29.833333
LH,49,35.625000,P1,5,49,30.000000
RH,75,35.625000,P1,1,75,30.000000
RH,87,35.750000,P1,1,87,30.166667
RH,80,36.000000,P1,1,80,30.333333
LH,56,36.125000,P1,5,56,30.500000
RH,65,36.125000,P1,5,65,30.500000
RH,87,36.125000,P1,1,87,30.500000
RH,73,36.333333,P1,1,73,30.666667
RH,85,36.500000,P1,1,85,30.833333
RH,80,36.666667,P1,1,80,31.000000
RH,85,36.875000,P1,1,85,31.166667
RH,80,37.000000,P1,1,80,31.333333
RH,92,37.250000,P1,1,92,31.500000
RH,85,37.500000,P1,1,85,31.666667
RH,97,37.750000,P1,1,97,31.833333
RH,60,38.000000,P1,5,60,32.000000
RH,66,38.000000,P1,5,66,32.000000
RH,68,38.000000,P1,5,68,32.000000
RH,92,38.125000,P1,1,92,32.000000
RH,94,38.250000,P1,1,94,32.166667
RH,92,38.500000,P1,1,92,32.333333
LH,56,38.625000,P1,5,56,32.500000
RH,68,38.625000,P1,5,68,32.500000
RH,87,38.625000,P1,1,87,32.500000
RH,99,38.750000,P1,1,99,32.666667
RH,87,39.000000,P1,1,87,32.833333
RH,61,39.125000,P1,5,61,33.000000
RH,65,39.125000,P1,5,65,33.000000
RH,70,39.125000,P1,5,70,33.000000
RH,85,39.125000,P1,1,85,33.000000
RH,87,39.333333,P1,1,87,33.166667
RH,85,39.375000,P1,1,85,33.333333
LH,56,39.625000,P1,5,56,33.500000
RH,65,39.625000,P1,5,65,33.500000
RH,68,39.625000,P1,5,68,33.500000
RH,80,39.625000,P1,1,80,33.500000
RH,92,39.750000,P1,1,92,33.666667
RH,80,39.875000,P1,1,80,33.833333
RH,60,40.125000,P1,5,60,34.000000
RH,66,40.125000,P1,5,66,34.000000
RH,70,40.125000,P1,5,70,34.000000
RH,80,40.125000,P1,1,80,34.000000
RH,82,40.250000,P1,1,82,34.166667
RH,80,40.375000,P1,1,80,34.333333
RH,66,40.625000,P1,5,66,34.500000
RH,75,40.625000,P1,1,75,34.500000
LH,56,40.666667,P1,5,56,34.500000
RH,87,40.750000,P1,1,87,34.666667
RH,75,41.000000,P1,1,75,34.833333
RH,61,41.125000,P1,5,61,35.000000
RH,65,41.125000,P1,5,65,35.000000
RH,73,41.125000,P1,1,73,35.000000
RH,75,41.333333,P1,1,75,35.166667
RH,73,41.500000,P1,1,73,35.333333
LH,56,41.625000,P1,5,56,35.500000
RH,68,41.625000,P1,1,68,35.500000
LH,48,42.250000,P1,5,48,36.000000
RH,75,42.375000,P1,1,75,36.166667
RH,80,42.625000,P1,1,80,36.333333
LH,56,42.750000,P1,5,56,36.500000
RH,63,42.750000,P1,5,63,36.500000
RH,66,42.750000,P1,5,66,36.500000
RH,82,42.750000,P1,1,82,36.500000
RH,80,42.875000,P1,1,80,36.666667
RH,75,43.125000,P1,1,75,36.833333
LH,56,43.250000,P1,5,56,37.000000
RH,61,43.250000,P1,5,61,37.000000
RH,65,43.250000,P1,5,65,37.000000
RH,73,43.250000,P1,1,73,37.000000
RH,80,43.375000,P1,1,80,37.166667
RH,85,43.625000,P1,1,85,37.333333
LH,49,43.666667,P1,5,49,37.500000
RH,87,43.750000,P1,1,87,37.500000
RH,85,43.875000,P1,1,85,37.666667
RH,82,44.000000,P1,1,82,37.833333
LH,44,44.250000,P1,5,44,38.000000
RH,80,44.250000,P1,1,80,38.000000
RH,87,44.375000,P1,1,87,38.166667
RH,92,44.500000,P1,1,92,38.333333
RH,60,44.666667,P1,5,60,38.500000
RH,66,44.666667,P1,5,66,38.500000
RH,94,44.666667,P1,1,94,38.500000
LH,56,44.750000,P1,5,56,38.500000
RH,92,44.875000,P1,1,92,38.666667
RH,87,45.000000,P1,1,87,38.833333
LH,37,45.250000,P1,5,37,39.000000
RH,85,45.250000,P1,1,85,39.000000
RH,92,45.375000,P1,1,92,39.166667
RH,97,45.625000,P1,1,97,39.333333
LH,56,45.750000,P1,5,56,39.500000
RH,61,45.750000,P1,5,61,39.500000
RH,65,45.750000,P1,5,65,39.500000
RH,99,45.750000,P1,1,99,39.500000
RH,97,45.875000,P1,1,97,39.666667
RH,94,46.125000,P1,1,94,39.833333
LH,44,46.333333,P1,5,44,40.000000
RH,92,46.333333,P1,1,92,40.000000
RH,94,46.500000,P1,1,94,40.166667
RH,92,46.666667,P1,1,92,40.333333
RH,60,46.875000,P1,5,60,40.500000
RH,66,46.875000,P1,5,66,40.500000
RH,68,46.875000,P1,5,68,40.500000
RH,87,46.875000,P1,1,87,40.500000
RH,99,47.000000,P1,1,99,40.666667
RH,87,47.125000,P1,1,87,40.833333
RH,65,47.333333,P1,5,65,41.000000
RH,70,47.333333,P1,5,70,41.000000
RH,85,47.333333,P1,1,85,41.000000
RH,61,47.375000,P1,5,61,41.000000
RH,87,47.500000,P1,1,87,41.166667
RH,85,47.625000,P1,1,85,41.333333
LH,56,47.750000,P1,5,56,41.500000
RH,65,47.750000,P1,5,65,41.500000
RH,68,47.750000,P1,5,68,41.500000
RH,80,47.750000,P1,1,80,41.500000
RH,92,47.875000,P1,1,92,41.666667
RH,80,48.125000,P1,1,80,41.833333
RH,60,48.333333,P1,5,60,42.000000
RH,66,48.333333,P1,5,66,42.000000
RH,70,48.333333,P1,5,70,42.000000
RH,80,48.333333,P1,1,80,42.000000
RH,82,48.500000,P1,1,82,42.166667
RH,80,48.625000,P1,1,80,42.333333
RH,75,48.750000,P1,1,75,42.500000
LH,56,48.875000,P1,5,56,42.500000
RH,66,48.875000,P1,5,66,42.500000
RH,87,49.000000,P1,1,87,42.666667
RH,75,49.125000,P1,1,75,42.833333
RH,61,49.333333,P1,5,61,43.000000
RH,65,49.333333,P1,5,65,43.000000
RH,73,49.333333,P1,1,73,43.000000
RH,75,49.500000,P1,1,75,43.166667
RH,73,49.666667,P1,1,73,43.333333
LH,56,49.750000,P1,5,56,43.500000
RH,68,49.750000,P1,1,68,43.500000
LH,48,50.500000,P1,5,48,44.000000
RH,80,50.666667,P1,1,80,44.166667
RH,78,51.000000,P1,1,78,44.333333
LH,56,51.125000,P1,5,56,44.500000
RH,63,51.125000,P1,5,63,44.500000
RH,66,51.125000,P1,5,66,44.500000
RH,80,51.125000,P1,1,80,44.500000
RH,78,51.250000,P1,1,78,44.666667
RH,80,51.500000,P1,1,80,44.833333
RH,90,51.625000,P1,1,90,45.000000
RH,80,51.750000,P1,1,80,45.166667
RH,78,51.875000,P1,1,78,45.333333
LH,36,52.125000,P1,5,36,45.500000
RH,80,52.125000,P1,1,80,45.500000
RH,78,52.250000,P1,1,78,45.666667
RH,80,52.375000,P1,1,80,45.833333
LH,48,52.666667,P1,5,48,46.000000
RH,68,52.666667,P1,1,68,46.000000
RH,80,52.875000,P1,1,80,46.166667
RH,78,53.000000,P1,1,78,46.333333
LH,56,53.125000,P1,5,56,46.500000
RH,63,53.125000,P1,5,63,46.500000
RH,66,53.125000,P1,5,66,46.500000
RH,80,53.125000,P1,1,80,46.500000
RH,78,53.333333,P1,1,78,46.666667
RH,90,53.666667,P1,1,90,47.000000
RH,80,53.875000,P1,1,80,47.166667
RH,78,54.000000,P1,1,78,47.333333
LH,36,54.125000,P1,5,36,47.500000
LH,48,54.125000,P1,5,48,47.500000
RH,80,54.125000,P1,1,80,47.500000
RH,78,54.375000,P1,1,78,47.666667
RH,80,54.500000,P1,1,80,47.833333
LH,37,54.666667,P1,5,37,48.000000
LH,49,54.666667,P1,5,49,48.000000
RH,70,54.666667,P1,1,70,48.000000
RH,82,55.000000,P1,1,82,48.166667
RH,78,55.125000,P1,1,78,48.333333
RH,61,55.250000,P1,5,61,48.500000
RH,66,55.250000,P1,5,66,48.500000
RH,82,55.250000,P1,1,82,48.500000
LH,58,55.333333,P1,5,58,48.500000
RH,78,55.500000,P1,1,78,48.666667
RH,82,55.625000,P1,1,82,48.833333
LH,36,55.750000,P1,5,36,49.000000
LH,48,55.750000,P1,5,48,49.000000
RH,90,55.750000,P1,1,90,49.000000
RH,82,55.875000,P1,1,82,49.166667
RH,78,56.125000,P1,1,78,49.333333
LH,37,56.250000,P1,5,37,49.500000
LH,49,56.250000,P1,5,49,49.500000
RH,82,56.250000,P1,1,82,49.500000
RH,78,56.375000,P1,1,78,49.666667
RH,82,56.625000,P1,1,82,49.833333
LH,38,56.750000,P1,5,38,50.000000
LH,50,56.750000,P1,5,50,50.000000
RH,70,56.750000,P1,1,70,50.000000
RH,82,57.000000,P1,1,82,50.166667
RH,78,57.125000,P1,1,78,50.333333
LH,58,57.250000,P1,5,58,50.500000
RH,66,57.250000,P1,5,66,50.500000
RH,82,57.250000,P1,1,82,50.500000
RH,78,57.500000,P1,1,78,50.666667
RH,82,57.625000,P1,1,82,50.833333
LH,37,57.750000,P1,5,37,51.000000
LH,49,57.750000,P1,5,49,51.000000
RH,90,57.750000,P1,1,90,51.000000
RH,82,58.000000,P1,1,82,51.166667
RH,78,58.125000,P1,1,78,51.333333
LH,38,58.250000,P1,5,38,51.500000
LH,50,58.250000,P1,5,50,51.500000
RH,82,58.333333,P1,1,82,51.500000
RH,78,58.500000,P1,1,78,51.666667
RH,82,58.750000,P1,1,82,51.833333
LH,39,58.875000,P1,5,39,52.000000
LH,51,58.875000,P1,5,51,52.000000
RH,78,58.875000,P1,1,78,52.000000
RH,82,59.125000,P1,1,82,52.166667
RH,78,59.375000,P1,1,78,52.333333
LH,58,59.500000,P1,5,58,52.500000
RH,66,59.500000,P1,5,66,52.500000
RH,94,59.625000,P1,1,94,52.500000
RH,82,59.750000,P1,1,82,52.666667
RH,78,59.875000,P1,1,78,52.833333
RH,92,60.125000,P1,1,92,53.000000
RH,82,60.250000,P1,1,82,53.166667
RH,78,60.375000,P1,1,78,53.333333
LH,51,60.500000,P1,5,51,53.500000
RH,90,60.500000,P1,1,90,53.500000
LH,39,60.625000,P1,5,39,53.500000
RH,82,60.666667,P1,1,82,53.666667
RH,78,60.875000,P1,1,78,53.833333
LH,40,61.000000,P1,5,40,54.000000
LH,52,61.000000,P1,5,52,54.000000
RH,85,61.000000,P1,1,85,54.000000
RH,82,61.250000,P1,1,82,54.166667
RH,78,61.375000,P1,1,78,54.333333
LH,58,61.625000,P1,5,58,54.500000
RH,66,61.625000,P1,5,66,54.500000
RH,94,61.625000,P1,1,94,54.500000
RH,82,61.875000,P1,1,82,54.666667
RH,78,62.000000,P1,1,78,54.833333
RH,92,62.125000,P1,1,92,55.000000
RH,82,62.333333,P1,1,82,55.166667
RH,78,62.500000,P1,1,78,55.333333
LH,40,62.666667,P1,5,40,55.500000
LH,52,62.666667,P1,5,52,55.500000
RH,90,62.666667,P1,1,90,55.500000
RH,82,62.875000,P1,1,82,55.666667
RH,78,63.000000,P1,1,78,55.833333
LH,41,63.250000,P1,5,41,56.000000
LH,53,63.250000,P1,5,53,56.000000
RH,73,63.250000,P1,1,73,56.000000
RH,85,63.375000,P1,1,85,56.166667
RH,82,63.625000,P1,1,82,56.333333
RH,61,63.666667,P1,5,61,56.500000
LH,58,63.750000,P1,5,58,56.500000
RH,65,63.750000,P1,5,65,56.500000
RH,85,63.750000,P1,1,85,56.500000
RH,85,63.875000,P1,1,85,56.666667
RH,97,64.125000,P1,1,97,56.833333
LH,40,64.250000,P1,5,40,57.000000
LH,52,64.250000,P1,5,52,57.000000
RH,94,64.250000,P1,1,94,57.000000
RH,97,64.375000,P1,1,97,57.166667
RH,85,64.500000,P1,1,85,57.333333
LH,41,64.750000,P1,5,41,57.500000
LH,53,64.750000,P1,5,53,57.500000
RH,85,64.750000,P1,1,85,57.500000
RH,82,65.000000,P1,1,82,57.666667
RH,85,65.125000,P1,1,85,57.833333
LH,42,65.250000,P1,5,42,58.000000
LH,54,65.250000,P1,5,54,58.000000
RH,73,65.333333,P1,1,73,58.000000
RH,85,65.500000,P1,1,85,58.166667
RH,82,65.666667,P1,1,82,58.333333
LH,58,65.875000,P1,5,58,58.500000
RH,61,65.875000,P1,5,61,58.500000
RH,64,65.875000,P1,5,64,58.500000
RH,85,65.875000,P1,1,85,58.500000
RH,85,66.000000,P1,1,85,58.666667
RH,97,66.125000,P1,1,97,58.833333
LH,41,66.333333,P1,5,41,59.000000
LH,53,66.333333,P1,5,53,59.000000
RH,94,66.375000,P1,1,94,59.000000
RH,97,66.500000,P1,1,97,59.166667
RH,85,66.666667,P1,1,85,59.333333
LH,42,66.875000,P1,5,42,59.500000
LH,54,66.875000,P1,5,54,59.500000
RH,85,66.875000,P1,1,85,59.500000
RH,82,67.125000,P1,1,82,59.666667
RH,85,67.250000,P1,1,85,59.833333
LH,43,67.375000,P1,5,43,60.000000
LH,55,67.375000,P1,5,55,60.000000
RH,73,67.375000,P1,1,73,60.000000
RH,85,67.625000,P1,1,85,60.166667
RH,82,67.750000,P1,1,82,60.333333
RH,61,68.000000,P1,5,61,60.500000
RH,64,68.000000,P1,5,64,60.500000
RH,85,68.000000,P1,1,85,60.500000
RH,85,68.125000,P1,1,85,60.666667
RH,97,68.333333,P1,1,97,60.833333
LH,44,68.500000,P1,5,44,61.000000
LH,56,68.500000,P1,5,56,61.000000
RH,97,68.625000,P1,1,97,61.166667
RH,85,68.750000,P1,1,85,61.333333
LH,56,69.000000,P1,5,56,61.500000
RH,65,69.000000,P1,5,65,61.500000
RH,85,69.000000,P1,1,85,61.500000
RH,61,69.125000,P1,5,61,61.500000
RH,80,69.250000,P1,1,80,61.666667
RH,85,69.500000,P1,1,85,61.833333
LH,57,69.625000,P1,5,57,62.000000
LH,45,69.666667,P1,5,45,62.000000
RH,73,69.666667,P1,1,73,62.000000
RH,85,69.875000,P1,1,85,62.166667
RH,78,70.125000,P1,1,78,62.333333
LH,57,70.250000,P1,5,57,62.500000
RH,66,70.250000,P1,5,66,62.500000
RH,85,70.250000,P1,1,85,62.500000
RH,73,70.500000,P1,1,73,62.666667
RH,73,70.750000,P1,1,73,62.833333
RH,66,70.875000,P1,1,66,63.000000
RH,73,71.125000,P1,1,73,63.166667
RH,61,71.333333,P1,1,61,63.333333
LH,33,71.500000,P1,5,33,63.500000
LH,45,71.500000,P1,5,45,63.500000
RH,61,71.625000,P1,1,61,63.500000
LH,54,71.750000,P1,1,54,63.666667
RH,61,72.125000,P1,1,61,63.833333
LH,32,72.375000,P1,5,32,64.000000
LH,44,72.375000,P1,5,44,64.000000
LH,51,72.375000,P1,1,51,64.000000
LH,54,72.750000,P1,1,54,64.166667
RH,61,73.000000,P1,1,61,64.333333
RH,63,73.125000,P1,1,63,64.500000
LH,54,73.333333,P1,1,54,64.666667
RH,61,73.500000,P1,1,61,64.833333
RH,63,73.625000,P1,1,63,65.000000
RH,66,73.750000,P1,1,66,65.166667
RH,61,74.000000,P1,1,61,65.333333
RH,63,74.125000,P1,1,63,65.500000
RH,66,74.250000,P1,1,66,65.666667
RH,73,74.500000,P1,1,73,65.833333
RH,63,74.625000,P1,1,63,66.000000
RH,66,74.750000,P1,1,66,66.166667
RH,73,75.000000,P1,1,73,66.333333
RH,75,75.125000,P1,1,75,66.500000
RH,66,75.250000,P1,1,66,66.666667
RH,73,75.375000,P1,1,73,66.833333
LH,56,75.500000,P1,5,56,67.000000
RH,66,75.500000,P1,5,66,67.000000
RH,61,75.625000,P1,5,61,67.000000
RH,75,75.625000,P1,1,75,67.000000
RH,78,75.750000,P1,1,78,67.166667
RH,73,75.875000,P1,1,73,67.333333
RH,75,76.000000,P1,1,75,67.500000
RH,85,76.250000,P1,1,85,67.666667
LH,56,76.375000,P1,5,56,67.750000
RH,61,76.375000,P1,5,61,67.750000
RH,66,76.375000,P1,5,66,67.750000
RH,78,76.375000,P1,1,78,67.833333
LH,56,76.666667,P1,5,56,68.000000
RH,61,76.666667,P1,5,61,68.000000
RH,66,76.666667,P1,5,66,68.000000
RH,75,76.666667,P1,1,75,68.000000
RH,78,76.875000,P1,1,78,68.166667
RH,87,77.000000,P1,1,87,68.333333
RH,85,77.125000,P1,1,85,68.500000
RH,78,77.333333,P1,1,78,68.666667
RH,75,77.500000,P1,1,75,68.833333
RH,85,77.625000,P1,1,85,69.000000
RH,73,78.000000,P1,1,73,69.500000
RH,78,78.250000,P1,1,78,69.666667
RH,75,78.375000,P1,1,75,69.833333
RH,73,78.500000,P1,1,73,70.000000
RH,66,78.666667,P1,1,66,70.166667
RH,75,78.875000,P1,1,75,70.333333
RH,73,79.000000,P1,1,73,70.500000
RH,66,79.250000,P1,1,66,70.666667
RH,63,79.333333,P1,1,63,70.833333
RH,73,79.500000,P1,1,73,71.000000
RH,66,79.625000,P1,1,66,71.166667
RH,63,79.750000,P1,1,63,71.333333
RH,61,80.000000,P1,1,61,71.500000
RH,66,80.125000,P1,1,66,71.666667
RH,63,80.333333,P1,1,63,71.833333
LH,32,80.500000,P1,5,32,72.000000
LH,44,80.500000,P1,5,44,72.000000
LH,56,80.625000,P1,1,56,72.000000
RH,63,80.750000,P1,1,63,72.166667
RH,66,81.000000,P1,1,66,72.333333
RH,68,81.125000,P1,1,68,72.500000
RH,63,81.250000,P1,1,63,72.666667
RH,66,81.375000,P1,1,66,72.833333
RH,68,81.500000,P1,1,68,73.000000
RH,75,81.750000,P1,1,75,73.166667
RH,66,81.875000,P1,1,66,73.333333
RH,68,82.000000,P1,1,68,73.500000
RH,75,82.250000,P1,1,75,73.666667
RH,78,82.333333,P1,1,78,73.833333
RH,68,82.500000,P1,1,68,74.000000
RH,75,82.666667,P1,1,75,74.166667
RH,78,82.875000,P1,1,78,74.333333
RH,80,83.000000,P1,1,80,74.500000
RH,75,83.125000,P1,1,75,74.666667
RH,78,83.250000,P1,1,78,74.833333
LH,56,83.500000,P1,5,56,75.000000
RH,60,83.500000,P1,5,60,75.000000
RH,66,83.500000,P1,5,66,75.000000
RH,68,83.500000,P1,5,68,75.000000
RH,80,83.500000,P1,1,80,75.000000
RH,87,83.666667,P1,1,87,75.166667
RH,78,83.750000,P1,1,78,75.333333
RH,80,84.000000,P1,1,80,75.500000
LH,56,84.125000,P1,5,56,75.750000
RH,60,84.125000,P1,5,60,75.750000
RH,66,84.125000,P1,5,66,75.750000
RH,68,84.125000,P1,5,68,75.750000
RH,90,84.125000,P1,1,90,75.666667
RH,87,84.333333,P1,1,87,75.833333
RH,66,84.375000,P1,5,66,76.000000
RH,68,84.375000,P1,5,68,76.000000
LH,56,84.500000,P1,5,56,76.000000
RH,60,84.500000,P1,5,60,76.000000
RH,80,84.500000,P1,1,80,76.000000
RH,78,84.666667,P1,1,78,76.166667
RH,87,84.875000,P1,1,87,76.333333
RH,80,85.000000,P1,1,80,76.500000
RH,78,85.125000,P1,1,78,76.666667
RH,75,85.250000,P1,1,75,76.833333
RH,80,85.500000,P1,1,80,77.000000
RH,78,85.625000,P1,1,78,77.166667
RH,75,85.750000,P1,1,75,77.333333
RH,68,85.875000,P1,1,68,77.500000
RH,78,86.125000,P1,1,78,77.666667
RH,75,86.250000,P1,1,75,77.833333
RH,68,86.375000,P1,1,68,78.000000
RH,66,86.500000,P1,1,66,78.166667
RH,75,86.750000,P1,1,75,78.333333
RH,68,86.875000,P1,1,68,78.500000
LH,37,89.000000,P1,5,37,80.000000
RH,61,89.000000,P1,1,61,80.000000
RH,73,89.333333,P1,1,73,80.166667
RH,68,89.625000,P1,1,68,80.333333
RH,73,89.666667,P1,1,73,80.500000
RH,68,89.875000,P1,1,68,80.666667
RH,80,90.000000,P1,1,80,80.833333
LH,56,90.250000,P1,5,56,81.000000
RH,65,90.250000,P1,5,65,81.000000
RH,73,90.250000,P1,1,73,81.000000
RH,80,90.375000,P1,1,80,81.166667
RH,68,90.625000,P1,1,68,81.333333
RH,68,90.875000,P1,1,68,81.666667
RH,73,90.875000,P1,1,73,81.500000
RH,73,91.125000,P1,1,73,81.833333
RH,61,91.333333,P1,1,61,82.000000
RH,73,91.500000,P1,1,73,82.166667
RH,68,91.625000,P1,1,68,82.333333
RH,73,91.750000,P1,1,73,82.500000
RH,68,92.000000,P1,1,68,82.666667
RH,80,92.125000,P1,1,80,82.833333
LH,55,92.250000,P1,5,55,83.000000
RH,64,92.333333,P1,5,64,83.000000
RH,73,92.333333,P1,1,73,83.000000
RH,80,92.500000,P1,1,80,83.166667
RH,68,92.625000,P1,1,68,83.333333
RH,73,92.875000,P1,1,73,83.500000
LH,56,93.000000,P1,5,56,83.750000
RH,65,93.000000,P1,5,65,83.750000
RH,68,93.000000,P1,1,68,83.666667
RH,73,93.250000,P1,1,73,83.833333
LH,49,93.375000,P1,5,49,84.000000
RH,61,93.375000,P1,1,61,84.000000
RH,73,93.625000,P1,1,73,84.166667
RH,68,93.750000,P1,1,68,84.333333
RH,73,93.875000,P1,1,73,84.500000
RH,73,94.125000,P1,1,73,84.666667
RH,85,94.250000,P1,1,85,84.833333
LH,56,94.375000,P1,5,56,85.000000
RH,80,94.375000,P1,1,80,85.000000
RH,65,94.500000,P1,5,65,85.000000
RH,85,94.625000,P1,1,85,85.166667
RH,73,94.750000,P1,1,73,85.333333
RH,73,95.000000,P1,1,73,85.500000
RH,68,95.125000,P1,1,68,85.666667
RH,73,95.333333,P1,1,73,85.833333
RH,68,95.500000,P1,1,68,86.000000
RH,80,95.625000,P1,1,80,86.166667
RH,73,95.750000,P1,1,73,86.333333
RH,80,95.875000,P1,1,80,86.500000
RH,80,96.125000,P1,1,80,86.666667
RH,92,96.333333,P1,1,92,86.833333
LH,55,96.500000,P1,5,55,87.000000
RH,64,96.500000,P1,5,64,87.000000
RH,85,96.500000,P1,1,85,87.000000
RH,92,96.666667,P1,1,92,87.166667
RH,80,96.875000,P1,1,80,87.333333
RH,80,97.125000,P1,1,80,87.500000
LH,56,97.250000,P1,5,56,87.750000
RH,73,97.250000,P1,1,73,87.666667
RH,80,97.500000,P1,1,80,87.833333
LH,49,97.750000,P1,5,49,88.000000
RH,73,97.750000,P1,1,73,88.000000
RH,75,98.000000,P1,1,75,88.166667
RH,73,98.250000,P1,1,73,88.333333
LH,56,98.375000,P1,5,56,88.500000
RH,61,98.375000,P1,5,61,88.500000
RH,65,98.375000,P1,5,65,88.500000
RH,87,98.375000,P1,1,87,88.500000
RH,85,98.625000,P1,1,85,88.666667
RH,99,98.750000,P1,1,99,88.833333
LH,57,98.875000,P1,5,57,89.000000
RH,66,98.875000,P1,5,66,89.000000
RH,97,98.875000,P1,1,97,89.000000
RH,97,99.250000,P1,1,97,89.333333
RH,99,99.250000,P1,1,99,89.166667
LH,58,99.375000,P1,5,58,89.500000
RH,67,99.375000,P1,5,67,89.500000
RH,85,99.375000,P1,1,85,89.500000
RH,87,99.500000,P1,1,87,89.666667
RH,61,99.625000,P1,5,61,89.500000
RH,85,99.666667,P1,1,85,89.833333
LH,59,100.000000,P1,5,59,90.000000
RH,68,100.000000,P1,5,68,90.000000
RH,73,100.000000,P1,1,73,90.000000
RH,61,100.125000,P1,5,61,90.000000
RH,75,100.125000,P1,1,75,90.166667
RH,73,100.375000,P1,1,73,90.333333
RH,87,100.625000,P1,1,87,90.500000
RH,85,100.750000,P1,1,85,90.666667
RH,99,101.000000,P1,1,99,90.833333
RH,97,101.125000,P1,1,97,91.000000
LH,58,101.250000,P1,5,58,91.000000
RH,61,101.250000,P1,5,61,91.000000
RH,67,101.250000,P1,5,67,91.000000
RH,99,101.375000,P1,1,99,91.166667
RH,97,101.500000,P1,1,97,91.333333
LH,57,101.666667,P1,5,57,91.500000
RH,66,101.666667,P1,5,66,91.500000
RH,85,101.666667,P1,1,85,91.500000
RH,87,101.750000,P1,1,87,91.666667
RH,85,102.000000,P1,1,85,91.833333
LH,56,102.125000,P1,5,56,92.000000
RH,65,102.125000,P1,5,65,92.000000
RH,97,102.125000,P1,1,97,92.000000
RH,99,102.375000,P1,1,99,92.166667
RH,97,102.500000,P1,1,97,92.333333
LH,49,102.750000,P1,5,49,92.500000
RH,85,102.750000,P1,1,85,92.500000
RH,87,103.000000,P1,1,87,92.666667
RH,85,103.125000,P1,1,85,92.833333
LH,59,103.375000,P1,6,59,93.000000
RH,61,103.375000,P1,6,61,93.000000
RH,65,103.375000,P1,6,65,93.000000
RH,68,103.375000,P1,5,68,93.000000
RH,97,103.375000,P1,1,97,93.000000
RH,99,103.625000,P1,1,99,93.166667
RH,97,103.875000,P1,1,97,93.333333
RH,70,104.125000,P1,5,70,93.500000
RH,85,104.125000,P1,1,85,93.500000
RH,87,104.250000,P1,1,87,93.666667
RH,85,104.500000,P1,1,85,93.833333
RH,65,104.666667,P1,6,65,94.000000
LH,59,104.750000,P1,6,59,94.000000
RH,61,104.750000,P1,6,61,94.000000
RH,71,104.750000,P1,5,71,94.000000
RH,97,104.875000,P1,1,97,94.000000
RH,99,105.125000,P1,1,99,94.166667
RH,97,105.333333,P1,1,97,94.333333
RH,85,105.500000,P1,1,85,94.500000
RH,87,105.750000,P1,1,87,94.666667
RH,85,106.125000,P1,1,85,94.833333
RH,70,106.500000,P1,5,70,95.000000
RH,97,106.500000,P1,1,97,95.000000
RH,99,106.875000,P1,1,99,95.166667
RH,97,107.125000,P1,1,97,95.333333
RH,68,107.500000,P1,5,68,95.500000
RH,85,107.500000,P1,1,85,95.500000
RH,87,107.750000,P1,1,87,95.666667
RH,85,108.000000,P1,1,85,95.833333
LH,54,108.375000,P1,5,54,96.000000
LH,58,108.375000,P1,5,58,96.000000
RH,61,108.375000,P1,5,61,96.000000
RH,66,108.375000,P1,5,66,96.000000
RH,90,108.375000,P1,1,90,96.000000
RH,94,108.625000,P1,1,94,96.166667
RH,85,108.750000,P1,1,85,96.333333
LH,54,108.875000,P1,5,54,96.500000
LH,59,108.875000,P1,5,59,96.500000
RH,66,108.875000,P1,5,66,96.500000
RH,90,108.875000,P1,1,90,96.500000
RH,63,109.000000,P1,5,63,96.500000
RH,87,109.125000,P1,1,87,96.666667
RH,90,109.333333,P1,1,90,96.833333
LH,54,109.500000,P1,5,54,97.000000
LH,58,109.500000,P1,5,58,97.000000
RH,61,109.500000,P1,5,61,97.000000
RH,66,109.500000,P1,5,66,97.000000
RH,85,109.500000,P1,1,85,97.000000
RH,90,109.666667,P1,1,90,97.166667
RH,82,109.875000,P1,1,82,97.333333
RH,85,110.125000,P1,1,85,97.500000
RH,78,110.250000,P1,1,78,97.666667
RH,82,110.375000,P1,1,82,97.833333
LH,42,110.666667,P1,5,42,98.000000
LH,54,110.666667,P1,5,54,98.000000
RH,78,110.666667,P1,1,78,98.000000
RH,82,110.875000,P1,1,82,98.166667
RH,73,111.000000,P1,1,73,98.333333
LH,59,111.250000,P1,5,59,98.500000
RH,63,111.250000,P1,5,63,98.500000
RH,78,111.250000,P1,1,78,98.500000
RH,75,111.375000,P1,1,75,98.666667
RH,78,111.500000,P1,1,78,98.833333
LH,58,111.750000,P1,5,58,99.000000
RH,61,111.750000,P1,5,61,99.000000
RH,66,111.750000,P1,5,66,99.000000
RH,73,111.750000,P1,1,73,99.000000
RH,78,111.875000,P1,1,78,99.166667
RH,70,112.125000,P1,1,70,99.333333
RH,73,112.250000,P1,1,73,99.500000
RH,66,112.500000,P1,1,66,99.666667
RH,70,112.625000,P1,1,70,99.833333
LH,37,112.875000,P1,5,37,100.000000
LH,49,112.875000,P1,5,49,100.000000
RH,61,112.875000,P1,1,61,100.000000
RH,73,113.000000,P1,1,73,100.166667
RH,68,113.250000,P1,1,68,100.333333
RH,73,113.333333,P1,1,73,100.500000
LH,56,113.375000,P1,5,56,100.500000
RH,65,113.375000,P1,5,65,100.500000
RH,61,113.500000,P1,5,61,100.500000
RH,68,113.625000,P1,1,68,100.666667
RH,80,113.750000,P1,1,80,100.833333
LH,56,113.875000,P1,5,56,101.000000
LH,59,113.875000,P1,5,59,101.000000
RH,63,113.875000,P1,5,63,101.000000
RH,68,113.875000,P1,1,68,101.000000
RH,80,114.125000,P1,1,80,101.166667
RH,75,114.250000,P1,1,75,101.333333
LH,44,114.375000,P1,5,44,101.500000
RH,80,114.375000,P1,1,80,101.500000
RH,75,114.625000,P1,1,75,101.666667
RH,87,114.750000,P1,1,87,101.833333
LH,49,115.000000,P1,6,49,102.000000
RH,75,115.000000,P1,1,75,102.000000
RH,87,115.125000,P1,1,87,102.166667
RH,80,115.250000,P1,1,80,102.333333
LH,56,115.375000,P1,5,56,102.500000
LH,59,115.375000,P1,5,59,102.500000
RH,63,115.375000,P1,5,63,102.500000
RH,87,115.375000,P1,1,87,102.500000
RH,80,115.625000,P1,1,80,102.666667
RH,92,115.750000,P1,1,92,102.833333
LH,56,116.000000,P1,5,56,103.000000
LH,59,116.000000,P1,5,59,103.000000
RH,61,116.000000,P1,5,61,103.000000
RH,80,116.000000,P1,1,80,103.000000
RH,92,116.125000,P1,1,92,103.166667
RH,85,116.333333,P1,1,85,103.333333
RH,92,116.500000,P1,1,92,103.500000
RH,85,116.666667,P1,1,85,103.666667
RH,97,116.875000,P1,1,97,103.833333
LH,54,117.000000,P1,5,54,104.000000
LH,58,117.000000,P1,5,58,104.000000
RH,61,117.000000,P1,5,61,104.000000
RH,66,117.000000,P1,5,66,104.000000
RH,90,117.000000,P1,1,90,104.000000
RH,94,117.250000,P1,1,94,104.166667
RH,85,117.333333,P1,1,85,104.333333
LH,54,117.500000,P1,5,54,104.500000
LH,59,117.500000,P1,5,59,104.500000
RH,63,117.500000,P1,5,63,104.500000
RH,66,117.500000,P1,5,66,104.500000
RH,90,117.500000,P1,1,90,104.500000
RH,87,117.666667,P1,1,87,104.666667
RH,90,117.875000,P1,1,90,104.833333
LH,54,118.125000,P1,5,54,105.000000
RH,66,118.125000,P1,5,66,105.000000
RH,85,118.125000,P1,1,85,105.000000
LH,58,118.250000,P1,5,58,105.000000
RH,61,118.250000,P1,5,61,105.000000
RH,90,118.333333,P1,1,90,105.166667
RH,82,118.500000,P1,1,82,105.333333
RH,85,118.666667,P1,1,85,105.500000
RH,78,118.875000,P1,1,78,105.666667
RH,82,119.000000,P1,1,82,105.833333
LH,42,119.250000,P1,5,42,106.000000
LH,54,119.250000,P1,5,54,106.000000
RH,78,119.250000,P1,1,78,106.000000
RH,82,119.500000,P1,1,82,106.166667
RH,73,119.625000,P1,1,73,106.333333
LH,59,119.750000,P1,5,59,106.500000
RH,63,119.750000,P1,5,63,106.500000
RH,66,119.750000,P1,5,66,106.500000
RH,78,119.750000,P1,1,78,106.500000
RH,75,119.875000,P1,1,75,106.666667
RH,78,120.125000,P1,1,78,106.833333
RH,61,120.333333,P1,5,61,107.000000
RH,66,120.333333,P1,5,66,107.000000
RH,73,120.333333,P1,1,73,107.000000
LH,58,120.375000,P1,5,58,107.000000
RH,78,120.500000,P1,1,78,107.166667
RH,70,120.666667,P1,1,70,107.333333
RH,73,120.875000,P1,1,73,107.500000
RH,66,121.000000,P1,1,66,107.666667
RH,70,121.250000,P1,1,70,107.833333
RH,63,121.500000,P1,1,63,108.000000
RH,75,121.625000,P1,1,75,108.166667
RH,68,121.875000,P1,1,68,108.333333
LH,56,122.000000,P1,5,56,108.500000
RH,63,122.000000,P1,5,63,108.500000
RH,75,122.000000,P1,1,75,108.500000
RH,68,122.125000,P1,1,68,108.666667
RH,80,122.333333,P1,1,80,108.833333
LH,53,122.500000,P1,5,53,109.000000
RH,62,122.500000,P1,5,62,109.000000
RH,70,122.500000,P1,1,70,109.000000
LH,58,122.625000,P1,5,58,109.000000
RH,82,122.750000,P1,1,82,109.166667
RH,70,122.875000,P1,1,70,109.333333
LH,46,123.000000,P1,5,46,109.500000
RH,82,123.000000,P1,1,82,109.500000
RH,70,123.250000,P1,1,70,109.666667
RH,82,123.375000,P1,1,82,109.833333
LH,47,123.625000,P1,5,47,110.000000
RH,75,123.625000,P1,1,75,110.000000
RH,87,123.750000,P1,1,87,110.166667
RH,80,123.875000,P1,1,80,110.333333
LH,56,124.125000,P1,5,56,110.500000
RH,63,124.125000,P1,5,63,110.500000
RH,87,124.125000,P1,1,87,110.500000
RH,80,124.250000,P1,1,80,110.666667
RH,92,124.500000,P1,1,92,110.833333
LH,53,124.666667,P1,5,53,111.000000
RH,62,124.666667,P1,5,62,111.000000
RH,82,124.666667,P1,1,82,111.000000
LH,58,124.750000,P1,5,58,111.000000
RH,94,124.875000,P1,1,94,111.166667
RH,82,125.125000,P1,1,82,111.333333
LH,46,125.250000,P1,5,46,111.500000
RH,94,125.250000,P1,1,94,111.500000
RH,82,125.500000,P1,1,82,111.666667
RH,94,125.666667,P1,1,94,111.833333
LH,47,125.875000,P1,5,47,112.000000
RH,82,125.875000,P1,1,82,112.000000
RH,94,126.125000,P1,1,94,112.166667
RH,87,126.333333,P1,1,87,112.333333
LH,59,126.375000,P1,5,59,112.500000
RH,63,126.375000,P1,5,63,112.500000
RH,68,126.375000,P1,5,68,112.500000
RH,94,126.500000,P1,1,94,112.500000
RH,80,126.666667,P1,1,80,112.666667
RH,92,126.750000,P1,1,92,112.833333
LH,49,127.000000,P1,5,49,113.000000
RH,80,127.000000,P1,1,80,113.000000
RH,92,127.125000,P1,1,92,113.166667
RH,85,127.333333,P1,1,85,113.333333
LH,58,127.500000,P1,5,58,113.500000
RH,61,127.500000,P1,5,61,113.500000
RH,66,127.500000,P1,5,66,113.500000
RH,92,127.500000,P1,1,92,113.500000
RH,78,127.666667,P1,1,78,113.666667
LH,47,128.000000,P1,5,47,114.000000
RH,73,128.000000,P1,1,73,114.000000
RH,85,128.250000,P1,1,85,114.166667
RH,80,128.375000,P1,1,80,114.333333
LH,59,128.500000,P1,5,59,114.500000
RH,65,128.500000,P1,5,65,114.500000
RH,68,128.500000,P1,5,68,114.500000
RH,85,128.625000,P1,1,85,114.500000
RH,80,128.750000,P1,1,80,114.666667
RH,92,128.875000,P1,1,92,114.833333
LH,46,129.000000,P1,5,46,115.000000
RH,78,129.000000,P1,1,78,115.000000
RH,90,129.250000,P1,1,90,115.166667
RH,85,129.333333,P1,1,85,115.333333
LH,58,129.500000,P1,5,58,115.500000
RH,66,129.500000,P1,5,66,115.500000
RH,70,129.500000,P1,5,70,115.500000
RH,90,129.500000,P1,1,90,115.500000
RH,85,129.666667,P1,1,85,115.666667
RH,97,129.875000,P1,1,97,115.833333
LH,47,130.000000,P1,5,47,116.000000
RH,82,130.000000,P1,1,82,116.000000
RH,94,130.250000,P1,1,94,116.166667
RH,87,130.500000,P1,1,87,116.333333
LH,59,130.625000,P1,5,59,116.500000
RH,63,130.625000,P1,5,63,116.500000
RH,68,130.625000,P1,5,68,116.500000
RH,94,130.625000,P1,1,94,116.500000
RH,80,130.875000,P1,1,80,116.666667
RH,92,131.000000,P1,1,92,116.833333
LH,49,131.125000,P1,5,49,117.000000
RH,80,131.125000,P1,1,80,117.000000
RH,92,131.333333,P1,1,92,117.166667
RH,85,131.500000,P1,1,85,117.333333
LH,58,131.625000,P1,5,58,117.500000
RH,61,131.625000,P1,5,61,117.500000
RH,66,131.625000,P1,5,66,117.500000
RH,92,131.666667,P1,1,92,117.500000
RH,78,131.875000,P1,1,78,117.666667
RH,90,132.000000,P1,1,90,117.833333
LH,47,132.250000,P1,5,47,118.000000
RH,73,132.250000,P1,1,73,118.000000
RH,85,132.500000,P1,1,85,118.166667
RH,80,132.625000,P1,1,80,118.333333
LH,59,132.750000,P1,5,59,118.500000
RH,65,132.750000,P1,5,65,118.500000
RH,68,132.750000,P1,5,68,118.500000
RH,85,132.750000,P1,1,85,118.500000
RH,80,132.875000,P1,1,80,118.666667
RH,92,133.125000,P1,1,92,118.833333
LH,46,133.250000,P1,5,46,119.000000
RH,78,133.250000,P1,1,78,119.000000
RH,90,133.500000,P1,1,90,119.166667
RH,85,133.625000,P1,1,85,119.333333
LH,58,133.750000,P1,5,58,119.500000
RH,66,133.750000,P1,5,66,119.500000
RH,70,133.750000,P1,5,70,119.500000
RH,90,133.750000,P1,1,90,119.500000
RH,85,133.875000,P1,1,85,119.666667
RH,97,134.125000,P1,1,97,119.833333
LH,47,134.500000,P1,5,47,120.000000
RH,82,134.500000,P1,1,82,120.000000
RH,94,134.666667,P1,1,94,120.166667
RH,87,134.875000,P1,1,87,120.333333
RH,94,135.125000,P1,1,94,120.500000
LH,56,135.250000,P1,5,56,120.500000
RH,63,135.250000,P1,5,63,120.500000
RH,68,135.250000,P1,5,68,120.500000
RH,80,135.333333,P1,1,80,120.666667
RH,92,135.500000,P1,1,92,120.833333
RH,82,135.666667,P1,1,82,121.000000
RH,94,135.875000,P1,1,94,121.166667
RH,87,136.000000,P1,1,87,121.333333
LH,47,136.250000,P1,5,47,121.500000
RH,94,136.250000,P1,1,94,121.500000
RH,80,136.375000,P1,1,80,121.666667
RH,92,136.500000,P1,1,92,121.833333
LH,48,136.750000,P1,5,48,122.000000
RH,82,136.750000,P1,1,82,122.000000
RH,94,136.875000,P1,1,94,122.166667
RH,87,137.125000,P1,1,87,122.333333
LH,56,137.250000,P1,5,56,122.500000
RH,63,137.250000,P1,5,63,122.500000
RH,66,137.250000,P1,5,66,122.500000
RH,68,137.250000,P1,5,68,122.500000
RH,94,137.333333,P1,1,94,122.500000
RH,80,137.500000,P1,1,80,122.666667
RH,92,137.666667,P1,1,92,122.833333
RH,82,137.875000,P1,1,82,123.000000
RH,94,138.000000,P1,1,94,123.166667
RH,87,138.250000,P1,1,87,123.333333
LH,48,138.333333,P1,5,48,123.500000
RH,94,138.375000,P1,1,94,123.500000
RH,80,138.625000,P1,1,80,123.666667
RH,92,138.750000,P1,1,92,123.833333
LH,49,139.000000,P1,5,49,124.000000
RH,85,139.000000,P1,1,85,124.000000
RH,94,139.250000,P1,1,94,124.166667
RH,80,139.375000,P1,1,80,124.333333
RH,92,139.500000,P1,1,92,124.500000
RH,85,139.666667,P1,1,85,124.666667
RH,94,139.875000,P1,1,94,124.833333
LH,56,140.125000,P1,5,56,125.000000
RH,61,140.125000,P1,5,61,125.000000
RH,66,140.125000,P1,5,66,125.000000
RH,68,140.125000,P1,5,68,125.000000
RH,80,140.125000,P1,1,80,125.000000
RH,92,140.250000,P1,1,92,125.166667
RH,85,140.375000,P1,1,85,125.333333
RH,94,140.625000,P1,1,94,125.500000
RH,80,140.750000,P1,1,80,125.666667
RH,92,141.000000,P1,1,92,125.833333
RH,66,141.125000,P1,5,66,126.000000
RH,68,141.125000,P1,5,68,126.000000
RH,73,141.125000,P1,5,73,126.000000
RH,85,141.125000,P1,1,85,126.000000
RH,94,141.333333,P1,1,94,126.166667
RH,80,141.500000,P1,1,80,126.333333
RH,92,141.666667,P1,1,92,126.500000
RH,85,141.875000,P1,1,85,126.666667
RH,94,142.125000,P1,1,94,126.833333
RH,80,142.333333,P1,1,80,127.000000
RH,92,142.500000,P1,1,92,127.166667
RH,85,142.666667,P1,1,85,127.333333
RH,94,142.875000,P1,1,94,127.500000
RH,80,143.125000,P1,1,80,127.666667
RH,99,143.750000,P1,2,99,128.000000
RH,87,147.125000,P1,1,87,128.833333
RH,85,147.375000,P1,1,85,129.000000
RH,82,147.625000,P1,1,82,129.166667
RH,80,147.875000,P1,1,80,129.333333
RH,78,148.125000,P1,1,78,129.500000
LH,49,150.125000,P1,5,49,130.000000
LH,56,150.125000,P1,5,56,130.000000
LH,59,150.125000,P1,5,59,130.000000
RH,66,150.125000,P1,2,66,130.000000
RH,68,150.125000,P1,1,68,130.000000
RH,63,150.250000,P1,2,63,130.000000
RH,61,152.666667,P1,2,61,131.000000
RH,65,152.666667,P1,2,65,131.000000
RH,70,152.666667,P1,1,70,131.000000
RH,68,154.750000,P1,1,68,131.750000
LH,54,155.500000,P1,6,54,132.000000
LH,58,155.500000,P1,5,58,132.000000
RH,61,156.000000,P1,5,61,132.500000
LH,59,156.500000,P1,5,59,133.000000
RH,68,156.500000,P1,5,68,133.000000
RH,92,156.500000,P1,1,92,133.000000
RH,94,156.750000,P1,1,94,133.166667
RH,92,156.875000,P1,1,92,133.333333
LH,56,157.000000,P1,5,56,133.500000
RH,65,157.000000,P1,5,65,133.500000
RH,85,157.000000,P1,1,85,133.500000
RH,97,157.125000,P1,1,97,133.666667
RH,85,157.375000,P1,1,85,133.833333
LH,54,157.500000,P1,6,54,134.000000
LH,58,157.500000,P1,5,58,134.000000
RH,66,157.500000,P1,5,66,134.000000
RH,87,157.666667,P1,1,87,134.166667
RH,85,157.875000,P1,1,85,134.333333
RH,61,158.000000,P1,5,61,134.500000
RH,78,158.000000,P1,1,78,134.500000
RH,90,158.125000,P1,1,90,134.666667
RH,78,158.333333,P1,1,78,134.833333
LH,59,158.500000,P1,5,59,135.000000
RH,68,158.500000,P1,5,68,135.000000
RH,80,158.500000,P1,1,80,135.000000
RH,82,158.625000,P1,1,82,135.166667
RH,80,158.750000,P1,1,80,135.333333
LH,56,158.875000,P1,5,56,135.500000
RH,65,158.875000,P1,5,65,135.500000
RH,73,158.875000,P1,1,73,135.500000
LH,54,159.500000,P1,5,54,136.000000
LH,58,159.500000,P1,5,58,136.000000
RH,66,159.500000,P1,5,66,136.000000
RH,78,159.666667,P1,1,78,136.166667
RH,80,159.875000,P1,1,80,136.333333
RH,82,160.000000,P1,1,82,136.500000
RH,78,160.250000,P1,1,78,136.833333
RH,80,160.250000,P1,1,80,136.666667
LH,53,160.500000,P1,5,53,137.000000
LH,59,160.500000,P1,5,59,137.000000
RH,63,160.500000,P1,5,63,137.000000
RH,73,160.500000,P1,1,73,137.000000
RH,80,160.625000,P1,1,80,137.166667
RH,85,160.750000,P1,1,85,137.333333
LH,49,160.875000,P1,5,49,137.500000
RH,61,161.000000,P1,5,61,137.500000
RH,87,161.000000,P1,1,87,137.500000
RH,85,161.125000,P1,1,85,137.666667
RH,80,161.250000,P1,1,80,137.833333
LH,54,161.375000,P1,5,54,138.000000
LH,58,161.375000,P1,5,58,138.000000
RH,63,161.375000,P1,5,63,138.000000
RH,78,161.500000,P1,1,78,138.000000
RH,85,161.625000,P1,1,85,138.166667
RH,90,161.750000,P1,1,90,138.333333
LH,49,161.875000,P1,5,49,138.500000
RH,61,161.875000,P1,5,61,138.500000
RH,92,162.000000,P1,1,92,138.500000
RH,90,162.125000,P1,1,90,138.666667
RH,87,162.250000,P1,1,87,138.833333
LH,53,162.375000,P1,5,53,139.000000
LH,59,162.375000,P1,5,59,139.000000
RH,63,162.375000,P1,5,63,139.000000
RH,85,162.375000,P1,1,85,139.000000
RH,92,162.500000,P1,1,92,139.166667
RH,97,162.666667,P1,1,97,139.333333
LH,49,162.875000,P1,5,49,139.500000
RH,61,162.875000,P1,5,61,139.500000
RH,99,162.875000,P1,1,99,139.500000
RH,97,163.000000,P1,1,97,139.666667
RH,92,163.125000,P1,1,92,139.833333
LH,54,163.333333,P1,6,54,140.000000
LH,58,163.333333,P1,5,58,140.000000
RH,66,163.333333,P1,5,66,140.000000
RH,90,163.333333,P1,1,90,140.000000
RH,92,163.500000,P1,1,92,140.166667
RH,90,163.666667,P1,1,90,140.333333
RH,61,163.875000,P1,5,61,140.500000
RH,85,163.875000,P1,1,85,140.500000
RH,97,164.000000,P1,1,97,140.666667
LH,59,164.333333,P1,5,59,141.000000
RH,68,164.333333,P1,5,68,141.000000
RH,85,164.375000,P1,1,85,141.000000
RH,87,164.625000,P1,1,87,141.166667
RH,85,164.666667,P1,1,85,141.333333
LH,56,164.875000,P1,5,56,141.500000
RH,65,164.875000,P1,5,65,141.500000
RH,80,164.875000,P1,1,80,141.500000
RH,92,165.000000,P1,1,92,141.666667
RH,80,165.250000,P1,1,80,141.833333
LH,54,165.375000,P1,6,54,142.000000
LH,58,165.375000,P1,5,58,142.000000
RH,66,165.375000,P1,5,66,142.000000
RH,80,165.666667,P1,1,80,142.333333
RH,61,165.875000,P1,5,61,142.500000
RH,78,165.875000,P1,1,78,142.500000
RH,78,166.000000,P1,1,78,142.833333
RH,90,166.000000,P1,1,90,142.666667
LH,59,166.250000,P1,5,59,143.000000
RH,68,166.250000,P1,5,68,143.000000
RH,73,166.375000,P1,1,73,143.000000
LH,56,166.875000,P1,5,56,143.500000
RH,65,166.875000,P1,5,65,143.500000
LH,54,167.500000,P1,5,54,144.000000
LH,58,167.500000,P1,5,58,144.000000
RH,66,167.500000,P1,5,66,144.000000
RH,78,167.625000,P1,1,78,144.166667
RH,80,167.750000,P1,1,80,144.333333
RH,82,168.000000,P1,1,82,144.500000
RH,80,168.125000,P1,1,80,144.666667
RH,78,168.250000,P1,1,78,144.833333
LH,53,168.375000,P1,5,53,145.000000
LH,59,168.375000,P1,5,59,145.000000
RH,63,168.375000,P1,5,63,145.000000
RH,73,168.375000,P1,1,73,145.000000
RH,80,168.625000,P1,1,80,145.166667
RH,85,168.750000,P1,1,85,145.333333
LH,49,168.875000,P1,5,49,145.500000
RH,87,168.875000,P1,1,87,145.500000
RH,61,169.000000,P1,5,61,145.500000
RH,85,169.000000,P1,1,85,145.666667
RH,80,169.250000,P1,1,80,145.833333
LH,54,169.375000,P1,5,54,146.000000
LH,58,169.375000,P1,5,58,146.000000
RH,63,169.375000,P1,5,63,146.000000
RH,78,169.375000,P1,1,78,146.000000
RH,85,169.500000,P1,1,85,146.166667
RH,90,169.666667,P1,1,90,146.333333
LH,49,169.875000,P1,5,49,146.500000
RH,61,169.875000,P1,5,61,146.500000
RH,92,169.875000,P1,1,92,146.500000
RH,90,170.000000,P1,1,90,146.666667
RH,85,170.125000,P1,1,85,146.833333
LH,59,170.375000,P1,5,59,147.000000
RH,63,170.375000,P1,5,63,147.000000
RH,80,170.375000,P1,1,80,147.000000
LH,53,170.500000,P1,5,53,147.000000
RH,85,170.500000,P1,1,85,147.166667
RH,92,170.666667,P1,1,92,147.333333
LH,49,170.875000,P1,5,49,147.500000
RH,61,170.875000,P1,5,61,147.500000
RH,94,170.875000,P1,1,94,147.500000
RH,92,171.000000,P1,1,92,147.666667
LH,54,171.125000,P1,5,54,148.000000
RH,85,171.125000,P1,1,85,147.833333
RH,94,171.375000,P1,1,94,148.000000
RH,85,171.625000,P1,1,85,148.166667
RH,92,171.750000,P1,1,92,148.333333
RH,82,172.000000,P1,1,82,148.500000
RH,92,172.125000,P1,1,92,148.666667
RH,85,172.333333,P1,1,85,148.833333
RH,90,172.500000,P1,1,90,149.000000
RH,82,172.625000,P1,1,82,149.166667
RH,87,172.750000,P1,1,87,149.333333
LH,59,172.875000,P1,5,59,149.500000
RH,65,172.875000,P1,5,65,149.500000
RH,80,173.000000,P1,1,80,149.500000
RH,85,173.125000,P1,1,85,149.666667
RH,73,173.333333,P1,1,73,149.833333
LH,54,173.375000,P1,5,54,150.000000
LH,58,173.375000,P1,5,58,150.000000
RH,66,173.375000,P1,5,66,150.000000
RH,82,173.500000,P1,1,82,150.000000
RH,73,173.666667,P1,1,73,150.166667
RH,80,173.875000,P1,1,80,150.333333
RH,70,174.000000,P1,1,70,150.500000
RH,80,174.125000,P1,1,80,150.666667
RH,73,174.333333,P1,1,73,150.833333
RH,78,174.500000,P1,1,78,151.000000
RH,70,174.625000,P1,1,70,151.166667
RH,75,174.750000,P1,1,75,151.333333
LH,53,174.875000,P1,5,53,151.500000
RH,68,175.000000,P1,1,68,151.500000
RH,73,175.125000,P1,1,73,151.666667
RH,61,175.250000,P1,1,61,151.833333
LH,42,175.500000,P1,5,42,152.000000
LH,46,175.500000,P1,5,46,152.000000
LH,54,175.500000,P1,5,54,152.000000
RH,70,175.500000,P1,1,70,152.000000
RH,61,175.666667,P1,1,61,152.166667
RH,68,175.875000,P1,1,68,152.333333
LH,58,176.000000,P1,1,58,152.500000
RH,68,176.125000,P1,1,68,152.666667
RH,61,176.375000,P1,1,61,152.833333
RH,66,176.500000,P1,1,66,153.000000
LH,58,176.666667,P1,1,58,153.166667
RH,63,176.750000,P1,1,63,153.333333
LH,37,177.000000,P1,5,37,153.500000
LH,56,177.000000,P1,1,56,153.500000
RH,61,177.250000,P1,1,61,153.666667
LH,49,177.333333,P1,1,49,153.833333
LH,30,177.500000,P1,5,30,154.000000
LH,42,177.500000,P1,5,42,154.000000
LH,58,177.500000,P1,1,58,154.000000
LH,54,177.666667,P1,1,54,154.166667
RH,63,177.750000,P1,1,63,154.333333
LH,37,178.000000,P1,5,37,154.500000
LH,49,178.000000,P1,1,49,154.500000
RH,61,178.125000,P1,1,61,154.666667
LH,56,178.333333,P1,1,56,154.833333
LH,30,178.500000,P1,5,30,155.000000
LH,42,178.500000,P1,5,42,155.000000
LH,58,178.500000,P1,1,58,155.000000
LH,54,178.666667,P1,1,54,155.166667
RH,63,178.750000,P1,1,63,155.333333
LH,37,179.000000,P1,5,37,155.500000
LH,49,179.000000,P1,1,49,155.500000
RH,61,179.250000,P1,1,61,155.666667
LH,56,179.375000,P1,1,56,155.833333
LH,30,179.500000,P1,5,30,156.000000
LH,42,179.500000,P1,5,42,156.000000
LH,58,179.500000,P1,1,58,156.000000
LH,58,180.000000,P1,1,58,156.500000
RH,61,180.000000,P1,1,61,156.500000
LH,56,180.250000,P1,1,56,156.666667
LH,54,180.375000,P1,1,54,156.833333
RH,63,180.500000,P1,1,63,157.000000
RH,66,180.500000,P1,1,66,157.000000
RH,61,180.666667,P1,1,61,157.166667
LH,58,180.875000,P1,1,58,157.333333
LH,42,181.000000,P1,5,42,157.500000
RH,70,181.000000,P1,1,70,157.500000
RH,63,181.125000,P1,1,63,157.666667
RH,66,181.125000,P1,1,66,157.500000
LH,49,181.250000,P1,5,49,157.666667
LH,58,181.333333,P1,5,58,157.833333
RH,61,181.333333,P1,1,61,157.833333
LH,42,181.500000,P1,5,42,158.000000
RH,70,181.500000,P1,1,70,158.000000
RH,73,181.500000,P1,1,73,158.000000
LH,49,181.666667,P1,5,49,158.166667
RH,68,181.666667,P1,1,68,158.166667
LH,58,181.750000,P1,5,58,158.333333
RH,66,181.875000,P1,1,66,158.333333
LH,46,182.000000,P1,5,46,158.500000
RH,78,182.000000,P1,1,78,158.500000
RH,75,182.125000,P1,1,75,158.500000
LH,54,182.250000,P1,5,54,158.666667
RH,73,182.250000,P1,1,73,158.666667
RH,61,182.333333,P1,5,61,158.833333
RH,70,182.333333,P1,1,70,158.833333
LH,49,182.500000,P1,5,49,159.000000
RH,82,182.500000,P1,1,82,159.000000
RH,78,182.625000,P1,1,78,159.000000
LH,58,182.750000,P1,5,58,159.166667
RH,75,182.750000,P1,1,75,159.166667
RH,66,182.875000,P1,5,66,159.333333
RH,73,182.875000,P1,1,73,159.333333
LH,54,183.125000,P1,5,54,159.500000
RH,82,183.125000,P1,1,82,159.500000
RH,85,183.125000,P1,1,85,159.500000
RH,61,183.250000,P1,5,61,159.666667
RH,80,183.250000,P1,1,80,159.666667
RH,70,183.375000,P1,5,70,159.833333
RH,78,183.375000,P1,1,78,159.833333
LH,58,183.500000,P1,5,58,160.000000
RH,87,183.625000,P1,1,87,160.000000
RH,85,183.666667,P1,1,85,160.166667
RH,66,183.750000,P1,5,66,160.166667
RH,73,183.875000,P1,5,73,160.333333
RH,82,183.875000,P1,1,82,160.333333
RH,61,184.125000,P1,5,61,160.500000
RH,90,184.125000,P1,1,90,160.500000
RH,94,184.125000,P1,1,94,160.500000
RH,70,184.250000,P1,5,70,160.666667
RH,87,184.250000,P1,1,87,160.666667
RH,78,184.375000,P1,5,78,160.833333
RH,85,184.375000,P1,1,85,160.833333
RH,66,184.625000,P1,5,66,161.000000
RH,70,184.625000,P1,5,70,161.166667
RH,87,184.625000,P1,1,87,161.000000
RH,90,184.625000,P1,1,90,161.000000
RH,78,184.750000,P1,5,78,161.333333
RH,85,184.750000,P1,1,85,161.166667
RH,82,184.875000,P1,1,82,161.333333
RH,61,185.000000,P1,5,61,161.500000
RH,94,185.000000,P1,1,94,161.500000
RH,70,185.125000,P1,5,70,161.666667
RH,87,185.125000,P1,1,87,161.666667
RH,90,185.125000,P1,1,90,161.500000
RH,78,185.333333,P1,5,78,161.833333
RH,85,185.333333,P1,1,85,161.833333
RH,90,185.500000,P1,1,90,162.000000
RH,87,185.625000,P1,1,87,162.000000
RH,85,185.666667,P1,1,85,162.166667
RH,78,185.750000,P1,5,78,162.333333
RH,82,185.875000,P1,1,82,162.333333
RH,61,186.000000,P1,5,61,162.500000
RH,90,186.000000,P1,1,90,162.500000
RH,94,186.000000,P1,1,94,162.500000
RH,70,186.125000,P1,5,70,162.666667
RH,87,186.125000,P1,1,87,162.666667
RH,78,186.333333,P1,5,78,162.833333
RH,85,186.333333,P1,1,85,162.833333
RH,66,186.500000,P1,5,66,163.000000
RH,87,186.500000,P1,1,87,163.000000
RH,90,186.500000,P1,1,90,163.000000
RH,70,186.625000,P1,5,70,163.166667
RH,85,186.666667,P1,1,85,163.166667
RH,78,186.750000,P1,5,78,163.333333
RH,82,186.875000,P1,1,82,163.333333
RH,61,187.000000,P1,5,61,163.500000
RH,94,187.000000,P1,1,94,163.500000
RH,70,187.125000,P1,5,70,163.666667
RH,87,187.125000,P1,1,87,163.666667
RH,90,187.125000,P1,1,90,163.500000
RH,85,187.333333,P1,1,85,163.833333
RH,78,187.375000,P1,5,78,163.833333
RH,66,187.500000,P1,5,66,164.000000
RH,82,187.500000,P1,1,82,164.000000
RH,90,187.500000,P1,1,90,164.000000
LH,54,188.125000,P1,5,54,164.333333
RH,66,188.125000,P1,5,66,164.333333
RH,78,188.125000,P1,1,78,164.333333
RH,90,188.125000,P1,1,90,164.333333
LH,51,188.625000,P1,5,51,164.500000
RH,63,188.625000,P1,5,63,164.500000
RH,75,188.625000,P1,1,75,164.500000
RH,87,188.625000,P1,1,87,164.500000
LH,49,188.875000,P1,5,49,164.666667
RH,61,188.875000,P1,5,61,164.666667
RH,73,188.875000,P1,1,73,164.666667
RH,85,188.875000,P1,1,85,164.666667
LH,46,189.125000,P1,5,46,164.833333
LH,58,189.125000,P1,5,58,164.833333
RH,70,189.125000,P1,1,70,164.833333
RH,82,189.125000,P1,1,82,164.833333
LH,44,189.500000,P1,5,44,165.000000
LH,56,189.500000,P1,5,56,165.000000
RH,68,189.500000,P1,1,68,165.000000
RH,80,189.500000,P1,1,80,165.000000
LH,42,189.666667,P1,5,42,165.166667
LH,54,189.666667,P1,5,54,165.166667
RH,66,189.666667,P1,1,66,165.166667
RH,78,189.666667,P1,1,78,165.166667
LH,51,189.875000,P1,5,51,165.333333
RH,63,189.875000,P1,1,63,165.333333
RH,75,189.875000,P1,1,75,165.333333
LH,51,190.125000,P1,5,51,165.333333
RH,61,190.125000,P1,1,61,165.500000
RH,73,190.125000,P1,1,73,165.500000
LH,49,190.250000,P1,5,49,165.500000
LH,46,190.375000,P1,5,46,165.666667
LH,58,190.375000,P1,1,58,165.666667
RH,70,190.375000,P1,1,70,165.666667
LH,44,190.666667,P1,5,44,165.833333
LH,46,190.666667,P1,5,46,165.666667
LH,56,190.666667,P1,1,56,165.833333
RH,68,190.666667,P1,1,68,165.833333
LH,30,191.000000,P1,5,30,166.000000
LH,42,191.000000,P1,5,42,166.000000
LH,54,191.000000,P1,1,54,166.000000
RH,66,191.000000,P1,1,66,166.000000
LH,54,192.375000,P1,5,54,167.000000
LH,42,194.750000,P1,5,42,168.000000
LH,54,194.750000,P1,1,54,168.000000
